data7=[3.2398; 3.5486; 2.8608; 1.8892; 1.7100; 2.4044; 1.2169];

data256=[0.6645; 0.6052; 0.6057; 0.6090; 0.6104; 0.6872; 0.7252; 0.7333;
0.6877; 0.6895; 0.6971; 0.7276; 0.7800; 0.7722; 0.7927; 0.7859; 0.7959;
0.8449; 0.8525; 0.7882; 0.6929; 0.7175; 0.7385; 0.7773; 0.7712; 0.8115;
0.8233; 0.8738; 0.8423; 0.7765; 0.6864; 0.6420; 0.6454; 0.6067; 0.6490;
0.6957; 0.7547; 0.7731; 0.7820; 0.7698; 0.8233; 0.8277; 0.8460; 0.8427;
0.7413; 0.6613; 0.6619; 0.6257; 0.6644; 0.6628; 0.6519; 0.6199; 0.5893;
0.6180; 0.7246; 0.8468; 0.9027; 0.9052; 0.9277; 0.9166; 0.9513; 0.9641;
0.9797; 1.0289; 1.0009; 1.0326; 1.1031; 1.0878; 1.0824; 1.1212; 1.1964;
1.2277; 1.2411; 1.2372; 1.2377; 1.2317; 1.1831; 1.2170; 1.2264; 1.2159;
1.2284; 1.2887; 1.3969; 1.4047; 1.3757; 1.2738; 1.2868; 1.2974; 1.2562;
1.1959; 1.0963; 1.0734; 1.0278; 0.9567; 0.9259; 0.8507; 0.7832; 0.7681;
0.8104; 0.8486; 0.8042; 0.7612; 0.7318; 0.6910; 0.7033; 0.6410; 0.5774;
0.4956; 0.3830; 0.2523; 0.1818; 0.1575; 0.0968; 0.0143; -0.0119;
-0.0499; -0.1348; -0.1652; -0.1345; -0.1516; -0.1194; -0.0960; -0.0784;
-0.0408; 0.0434; 0.0692; 0.0839; 0.0006; -0.0755; -0.1131; 0.0026;
0.1037; 0.0685; 0.0423; 0.0775 ; 0.1260; 0.1539; 0.1519; 0.1312; 0.1524;
0.1617; 0.1860; 0.2844; 0.3276; 0.3693; 0.4333; 0.4416; 0.3983; 0.3770;
0.3141; 0.2325 ; 0.2289; 0.3010; 0.3629; 0.3803; 0.3334; 0.3015; 0.3441;
0.3656; 0.3839; 0.4142; 0.4660; 0.5219; 0.5784; 0.6339; 0.6320; 0.5940 ;
0.5641; 0.5780; 0.5350; 0.5138; 0.4804; 0.4388; 0.4407; 0.4402; 0.4513;
0.4683; 0.5398; 0.5233; 0.5505; 0.5672; 0.5954; 0.5847 ; 0.6534; 0.6863;
0.6597; 0.6409; 0.5795; 0.5512; 0.5391; 0.5392; 0.5699; 0.5947; 0.5787;
0.5564; 0.5989; 0.6828; 0.6840; 0.6365 ; 0.6329; 0.6575; 0.6121; 0.6112;
0.6359; 0.6079; 0.5113; 0.5149; 0.5874; 0.6195; 0.6112; 0.6358; 0.6785;
0.7269; 0.7201; 0.6711 ; 0.6760; 0.7007; 0.6766; 0.6994; 0.6899; 0.6356;
0.6330; 0.6063; 0.6069; 0.5976; 0.5925; 0.6285; 0.6035; 0.5543; 0.5706;
0.6120 ; 0.5499; 0.5295; 0.4683; 0.4626; 0.4792; 0.4829; 0.5013; 0.4663;
0.4603; 0.4415; 0.4427; 0.5482; 0.5657; 0.5630; 0.5284; 0.4731 ; 0.4885;
0.4819; 0.4239; 0.3418; 0.2596; 0.2496; 0.3365; 0.4404; 0.3496];

data256b=[0.0502; 0.1547; 0.2022; -0.3362; -0.2186; -0.1704 ; 0.0540;
0.2953; 0.6678; 0.3156; 0.7600; 1.1233; 0.8508; 0.6862; 0.6204; 0.8841;
0.2399; -0.4020; -0.7275; -0.5498; -0.9394; -0.6617 ; -0.4688; -0.1586;
0.0330; 0.1840; -0.2699; -0.0073; -0.2536; 0.4369; 0.3049; 0.2985;
0.2693; 0.3974; 0.6664; 0.3747; 0.1595; -0.0681 ; 0.3015; 1.1670;
1.3459; 1.4842; 1.5052; 1.0254; 0.7420; 0.2406; -0.0024; -0.3242;
-0.1474; -0.4151; -0.1269; 0.2530; 0.0804; 0.4660 ; 0.5627; 0.4613;
0.5809; 0.7183; 0.9382; 0.7950; 0.6901; 0.6625;1.0362;1.1616;0.6428;
-0.1622; -0.1273; -0.8644; -1.1463; -1.3909; -1.2601; -1.2511; -1.6736;
-1.5660; -1.6761; -1.8253; -1.8324; -1.5277; -1.2067; -0.8491; -0.4968;
-0.7638; -0.6006; -0.4859; -0.1473; 0.1931 ; 0.2574; 0.2574; 0.0269;
-0.1051; 0.3076; 0.5760; 0.3889; 0.3480; 0.1141; 0.1792; 0.4987; 0.5333;
0.5667; 0.4706; 0.6345; 0.3089 ; -0.2527; -0.1777; -0.3518; 0.0179;
-0.1022; -0.3854; 0.2635; 0.3013; 0.1704; 0.3017; 0.4897; 0.4032;
0.3522; 0.1825; 0.2792; 0.3514 ; 0.6100; 0.6193; 0.6303; 0.8799; 0.8056;
0.9043; 0.3425; 0.2546; 0.8905; 0.6160; 0.3519; 0.4983; 0.4900; 0.8176;
1.2537; 2.0475 ; 1.8296; 1.6376; 1.4844; 1.2790; 1.5547; 1.4751; 1.2449;
0.9967; 0.7810; 1.4877; 1.7049; 1.7505; 1.6640; 1.9030; 1.9426; 1.4724 ;
0.8567; 0.5163; 0.5778; 0.6654; 1.1171; 1.2390; 1.1524; 1.4985; 1.4868;
1.5125; 1.5539; 1.5533; 1.8397; 2.0350; 1.6219; 1.5356 ; 1.7993; 2.5272;
2.3648; 2.2688; 2.2272; 2.7771; 3.4367; 3.7370; 3.4278; 3.4341; 2.9814;
2.6160; 2.4810; 2.2889; 2.6244; 2.4604 ; 2.3199; 2.1617; 1.7344; 1.4299;
1.3743; 1.1261; 0.8902; 1.0494; 0.9607; 1.1196; 0.9089; 1.1528; 1.5432;
0.7651; 0.4674; 0.8342 ; 1.2001; 0.8606; 0.9441; 1.3669; 1.2765; 1.7962;
1.7525; 1.5922; 2.1747; 2.4329; 2.1155; 2.0059; 2.1209; 1.7386; 1.2562;
1.4723 ; 1.2233; 1.1163; 0.9549; 1.2198; 1.3602; 1.4880; 1.5121; 1.5407;
1.6586; 1.5455; 1.5955; 1.6649; 1.8486; 1.9733; 1.6541; 1.4873 ; 1.2535;
1.3021; 1.5421; 2.1862; 2.7066; 2.5954; 2.9323; 2.8021; 2.5733; 2.8980;
3.0341; 2.7331; 2.6166; 3.0988; 3.5452; 3.7607 ; 3.8867; 3.6539; 3.4223;
3.2953; 3.3560; 4.0803; 4.2933; 3.9012; 3.5390; 3.0146];

data256c=[4.8729; 4.8731; 4.8730; 4.8723; 4.8720 ; 4.8717; 4.8711;
4.8710; 4.8718; 4.8727; 4.8739; 4.8747; 4.8757; 4.8772; 4.8785; 4.8798;
4.8806; 4.8805; 4.8804; 4.8803; 4.8805 ; 4.8806; 4.8808; 4.8811; 4.8810;
4.8809; 4.8808; 4.8807; 4.8802; 4.8803; 4.8808; 4.8816; 4.8824; 4.8827;
4.8828; 4.8832; 4.8841 ; 4.8848; 4.8850; 4.8853; 4.8855; 4.8854; 4.8853;
4.8856; 4.8863; 4.8875; 4.8884; 4.8885; 4.8888; 4.8892; 4.8887; 4.8880;
4.8875 ; 4.8868; 4.8858; 4.8847; 4.8837; 4.8831; 4.8822; 4.8814; 4.8806;
4.8795; 4.8780; 4.8773; 4.8764; 4.8756; 4.8750; 4.8748; 4.8750 ; 4.8756;
4.8755; 4.8755; 4.8755; 4.8759; 4.8768; 4.8783; 4.8803; 4.8827; 4.8846;
4.8859; 4.8867; 4.8875; 4.8889; 4.8907; 4.8928 ; 4.8945; 4.8960; 4.8973;
4.8985; 4.8986; 4.8979; 4.8975; 4.8971; 4.8968; 4.8972; 4.8978; 4.8979;
4.8981; 4.8982; 4.8982; 4.8985 ; 4.8991; 4.8993; 4.8993; 4.8987; 4.8981;
4.8974; 4.8964; 4.8955; 4.8945; 4.8937; 4.8930; 4.8927; 4.8925; 4.8920;
4.8916; 4.8911 ; 4.8906; 4.8897; 4.8887; 4.8875; 4.8863; 4.8850; 4.8835;
4.8818; 4.8808; 4.8799; 4.8785; 4.8770; 4.8756; 4.8745; 4.8736; 4.8729 ;
4.8724; 4.8719; 4.8712; 4.8703; 4.8689; 4.8678; 4.8668; 4.8652; 4.8636;
4.8611; 4.8583; 4.8559; 4.8537; 4.8513; 4.8486; 4.8462 ; 4.8443; 4.8426;
4.8410; 4.8398; 4.8389; 4.8375; 4.8359; 4.8338; 4.8314; 4.8290; 4.8270;
4.8251; 4.8230; 4.8211; 4.8189; 4.8167 ; 4.8142; 4.8120; 4.8097; 4.8072;
4.8044; 4.8017; 4.7992; 4.7972; 4.7960; 4.7950; 4.7942; 4.7940; 4.7939;
4.7935; 4.7931; 4.7926 ; 4.7915; 4.7905; 4.7888; 4.7871; 4.7853; 4.7837;
4.7816; 4.7794; 4.7773; 4.7757; 4.7743; 4.7730; 4.7715; 4.7706; 4.7693;
4.7671 ; 4.7650; 4.7629; 4.7608; 4.7580; 4.7544; 4.7514; 4.7484; 4.7456;
4.7427; 4.7399; 4.7374; 4.7351; 4.7335; 4.7321; 4.7302; 4.7278 ; 4.7258;
4.7243; 4.7227; 4.7208; 4.7189; 4.7168; 4.7149; 4.7135; 4.7122; 4.7107;
4.7092; 4.7073; 4.7051; 4.7030; 4.7013; 4.6999 ; 4.6988; 4.6981; 4.6976;
4.6972; 4.6969; 4.6967; 4.6961; 4.6955; 4.6947; 4.6936; 4.6928; 4.6922;
4.6915; 4.6904; 4.6895; 4.6889 ; 4.6881; 4.6868; 4.6851; 4.6836; 4.6823;
4.6811; 4.6799; 4.6789; 4.6781; 4.6777; 4.6775];








